f0_hz = 2.500000e+08
pin_w = 3.721000e-05
vout_avg = 4.804043e-04
vout_rms = 3.374523e-01
vout_max = 4.611629e-01
vout_min = -5.02344e-01
idd_avg = -8.80000e-03
pdc_w = 2.904000e-02
pout_w = 2.277481e-03
pout_dbm = 3.574548e+00
gain_db = 1.786795e+01
drain_efficiency = 7.842566e+00
pae = 7.714432e+00
iout_rms = 6.749046e-03
iout_pk_est = 9.635067e-03
idc_limit_pass = 1.000000e+00
iout_rms_limit_pass = 1.000000e+00
iout_pk_limit_pass = 1.000000e+00
pdc_limit_pass = 1.000000e+00
