f0_hz = 2.500000e+08
pin_w = 1.562500e-04
vout_avg = 9.669980e-05
vout_rms = 3.544974e-01
vout_max = 4.851343e-01
vout_min = -5.11185e-01
idd_avg = -1.00000e-02
pdc_w = 3.300000e-02
pout_w = 2.513368e-03
pout_dbm = 4.002561e+00
gain_db = 1.206436e+01
drain_efficiency = 7.616267e+00
pae = 7.142782e+00
iout_rms = 7.089948e-03
iout_pk_est = 9.963190e-03
idc_limit_pass = 1.000000e+00
iout_rms_limit_pass = 1.000000e+00
iout_pk_limit_pass = 1.000000e+00
pdc_limit_pass = 1.000000e+00
