f0_hz = 2.500000e+08
pin_w = 3.721000e-05
vout_avg = 6.743231e-05
vout_rms = 3.146165e-01
vout_max = 4.324570e-01
vout_min = -4.61317e-01
idd_avg = -8.80000e-03
pdc_w = 2.904000e-02
pout_w = 1.979671e-03
pout_dbm = 2.965930e+00
gain_db = 1.725933e+01
drain_efficiency = 6.817048e+00
pae = 6.688915e+00
iout_rms = 6.292330e-03
iout_pk_est = 8.937741e-03
idc_limit_pass = 1.000000e+00
iout_rms_limit_pass = 1.000000e+00
iout_pk_limit_pass = 1.000000e+00
pdc_limit_pass = 1.000000e+00
