f0_hz = 2.500000e+08
pin_w = 4.489000e-05
vout_avg = 6.981353e-04
vout_rms = 3.378852e-01
vout_max = 4.612268e-01
vout_min = -5.17626e-01
idd_avg = -8.80000e-03
pdc_w = 2.904000e-02
pout_w = 2.283328e-03
pout_dbm = 3.585683e+00
gain_db = 1.706419e+01
drain_efficiency = 7.862700e+00
pae = 7.708120e+00
iout_rms = 6.757704e-03
iout_pk_est = 9.788532e-03
idc_limit_pass = 1.000000e+00
iout_rms_limit_pass = 1.000000e+00
iout_pk_limit_pass = 1.000000e+00
pdc_limit_pass = 1.000000e+00
