f0_hz = 2.500000e+08
pin_w = 3.721000e-05
vout_avg = 3.528902e-04
vout_rms = 3.265003e-01
vout_max = 4.476246e-01
vout_min = -4.81280e-01
idd_avg = -8.80000e-03
pdc_w = 2.904000e-02
pout_w = 2.132049e-03
pout_dbm = 3.287972e+00
gain_db = 1.758137e+01
drain_efficiency = 7.341766e+00
pae = 7.213633e+00
iout_rms = 6.530006e-03
iout_pk_est = 9.289050e-03
idc_limit_pass = 1.000000e+00
iout_rms_limit_pass = 1.000000e+00
iout_pk_limit_pass = 1.000000e+00
pdc_limit_pass = 1.000000e+00
