f0_hz = 2.500000e+08
pin_w = 4.096000e-05
vout_avg = 1.267922e-04
vout_rms = 3.168177e-01
vout_max = 4.343729e-01
vout_min = -4.68870e-01
idd_avg = -8.80000e-03
pdc_w = 2.904000e-02
pout_w = 2.007469e-03
pout_dbm = 3.026489e+00
gain_db = 1.690289e+01
drain_efficiency = 6.912772e+00
pae = 6.771726e+00
iout_rms = 6.336354e-03
iout_pk_est = 9.032429e-03
idc_limit_pass = 1.000000e+00
iout_rms_limit_pass = 1.000000e+00
iout_pk_limit_pass = 1.000000e+00
pdc_limit_pass = 1.000000e+00
