f0_hz = 2.500000e+08
pin_w = 4.489000e-05
vout_avg = 1.453302e-04
vout_rms = 3.184768e-01
vout_max = 4.354350e-01
vout_min = -4.76058e-01
idd_avg = -8.80000e-03
pdc_w = 2.904000e-02
pout_w = 2.028549e-03
pout_dbm = 3.071856e+00
gain_db = 1.655036e+01
drain_efficiency = 6.985363e+00
pae = 6.830783e+00
iout_rms = 6.369536e-03
iout_pk_est = 9.114926e-03
idc_limit_pass = 1.000000e+00
iout_rms_limit_pass = 1.000000e+00
iout_pk_limit_pass = 1.000000e+00
pdc_limit_pass = 1.000000e+00
