f0_hz = 2.500000e+08
pin_w = 4.096000e-05
vout_avg = 4.440801e-04
vout_rms = 3.378482e-01
vout_max = 4.605536e-01
vout_min = -5.11198e-01
idd_avg = -8.80000e-03
pdc_w = 2.904000e-02
pout_w = 2.282828e-03
pout_dbm = 3.584732e+00
gain_db = 1.746113e+01
drain_efficiency = 7.860978e+00
pae = 7.719932e+00
iout_rms = 6.756964e-03
iout_pk_est = 9.717519e-03
idc_limit_pass = 1.000000e+00
iout_rms_limit_pass = 1.000000e+00
iout_pk_limit_pass = 1.000000e+00
pdc_limit_pass = 1.000000e+00
