f0_hz = 2.500000e+08
pin_w = 1.258929e-04
vout_avg = 1.098888e-04
vout_rms = 3.330285e-01
vout_max = 4.570537e-01
vout_min = -4.79430e-01
idd_avg = -1.00000e-02
pdc_w = 3.300000e-02
pout_w = 2.218160e-03
pout_dbm = 3.459928e+00
gain_db = 1.245992e+01
drain_efficiency = 6.721696e+00
pae = 6.340202e+00
iout_rms = 6.660570e-03
iout_pk_est = 9.364838e-03
idc_limit_pass = 1.000000e+00
iout_rms_limit_pass = 1.000000e+00
iout_pk_limit_pass = 1.000000e+00
pdc_limit_pass = 1.000000e+00
