idc_total = 1.000000e-02
pdc_w = 3.300000e-02
