f0_hz = 2.500000e+08
pin_w = 1.258929e-04
vout_avg = 2.475466e-04
vout_rms = 3.281811e-01
vout_max = 4.374642e-01
vout_min = -4.97701e-01
idd_avg = -1.00000e-02
pdc_w = 3.300000e-02
pout_w = 2.154057e-03
pout_dbm = 3.332571e+00
gain_db = 1.233256e+01
drain_efficiency = 6.527445e+00
pae = 6.145951e+00
iout_rms = 6.563622e-03
iout_pk_est = 9.351648e-03
idc_limit_pass = 1.000000e+00
iout_rms_limit_pass = 1.000000e+00
iout_pk_limit_pass = 1.000000e+00
pdc_limit_pass = 1.000000e+00
