f0_hz = 2.500000e+08
pin_w = 3.481000e-05
vout_avg = 1.995220e-04
vout_rms = 3.254733e-01
vout_max = 4.470245e-01
vout_min = -4.76783e-01
idd_avg = -8.80000e-03
pdc_w = 2.904000e-02
pout_w = 2.118657e-03
pout_dbm = 3.260607e+00
gain_db = 1.784357e+01
drain_efficiency = 7.295652e+00
pae = 7.175783e+00
iout_rms = 6.509466e-03
iout_pk_est = 9.238073e-03
idc_limit_pass = 1.000000e+00
iout_rms_limit_pass = 1.000000e+00
iout_pk_limit_pass = 1.000000e+00
pdc_limit_pass = 1.000000e+00
