f0_hz = 2.500000e+08
pin_w = 4.096000e-05
vout_avg = 6.955573e-04
vout_rms = 3.277147e-01
vout_max = 4.470110e-01
vout_min = -4.89213e-01
idd_avg = -8.80000e-03
pdc_w = 2.904000e-02
pout_w = 2.147938e-03
pout_dbm = 3.320218e+00
gain_db = 1.719662e+01
drain_efficiency = 7.396482e+00
pae = 7.255436e+00
iout_rms = 6.554294e-03
iout_pk_est = 9.362238e-03
idc_limit_pass = 1.000000e+00
iout_rms_limit_pass = 1.000000e+00
iout_pk_limit_pass = 1.000000e+00
pdc_limit_pass = 1.000000e+00
