idc_total = 8.800000e-03
pdc_w = 2.904000e-02
