f0_hz = 2.500000e+08
pin_w = 3.481000e-05
vout_avg = 1.012717e-04
vout_rms = 3.127518e-01
vout_max = 4.305434e-01
vout_min = -4.55866e-01
idd_avg = -8.80000e-03
pdc_w = 2.904000e-02
pout_w = 1.956274e-03
pout_dbm = 2.914296e+00
gain_db = 1.749726e+01
drain_efficiency = 6.736480e+00
pae = 6.616611e+00
iout_rms = 6.255036e-03
iout_pk_est = 8.864093e-03
idc_limit_pass = 1.000000e+00
iout_rms_limit_pass = 1.000000e+00
iout_pk_limit_pass = 1.000000e+00
pdc_limit_pass = 1.000000e+00
