f0_hz = 2.500000e+08
pin_w = 4.489000e-05
vout_avg = 9.490890e-05
vout_rms = 3.285521e-01
vout_max = 4.493411e-01
vout_min = -4.96781e-01
idd_avg = -8.80000e-03
pdc_w = 2.904000e-02
pout_w = 2.158930e-03
pout_dbm = 3.342385e+00
gain_db = 1.682089e+01
drain_efficiency = 7.434331e+00
pae = 7.279751e+00
iout_rms = 6.571042e-03
iout_pk_est = 9.461225e-03
idc_limit_pass = 1.000000e+00
iout_rms_limit_pass = 1.000000e+00
iout_pk_limit_pass = 1.000000e+00
pdc_limit_pass = 1.000000e+00
