f0_hz = 2.500000e+08
pin_w = 3.481000e-05
vout_avg = 1.982093e-04
vout_rms = 3.370081e-01
vout_max = 4.615783e-01
vout_min = -4.98253e-01
idd_avg = -8.80000e-03
pdc_w = 2.904000e-02
pout_w = 2.271489e-03
pout_dbm = 3.563107e+00
gain_db = 1.814607e+01
drain_efficiency = 7.821932e+00
pae = 7.702063e+00
iout_rms = 6.740162e-03
iout_pk_est = 9.598314e-03
idc_limit_pass = 1.000000e+00
iout_rms_limit_pass = 1.000000e+00
iout_pk_limit_pass = 1.000000e+00
pdc_limit_pass = 1.000000e+00
